НН0000 20000 19902003 Волгоградская 62 13 2634455
ИВ2020 30000 19641308 Туполева 7 114 5553535
ЛК4040 40000 19420509 Артёма 118 27 0
ТА9584 34704 19442002 Машинная 245 106 7922112
ДИ9127 73965 19651902 Шевченко 30 340 0
ЖВ2665 40048 19701706 Борисевича 230 267 0
БШ8085 18512 19032510 Даурская 39 93 2581868
КВ4487 17564 19171307 Тобольская 166 363 3984479
ИК5967 73360 19250610 Пожарского 90 139 1361232
ПН1513 75553 19162611 Амурская 18 112 6511504
КА1065 14324 19552305 Читинская 229 84 2086607
ЖР2008 19406 19540311 Энергетиков 179 244 0088155
ПМ4366 68353 19500108 Кишиневская 59 312 4478819
УМ4313 38145 19653007 Хмельницкого 183 350 0
ГС7565 46968 19580703 Говорова 124 222 6926622
ТС7751 80164 19511505 Щорса 297 78 6346623
ЛВ8692 33937 19222010 Павлова 57 62 9801936
НС1937 43507 19331405 Грунтовая 92 67 1448264
СМ1103 21754 19960802 Кутузова 122 283 0